1	25 
2	23 
3	19 
4	12 
5	19 
6	36 
7	17 
8	30 
9	34 
10	33 
11	16 
12	22 
13	4 
14	9 
15	8 
16	8 
17	25 
18	30 
19	36 
20	3 
21	29 
22	3 
23	6 
24	31 
25	38 
26	5 
27	18 
28	14 
29	10 
30	28 
31	2 
32	15 
33	32 
34	21 
35	26 
36	15 
37	34 
38	29 
39	39 
40	23 
41	1 
42	5 
43	40 
44	25 
45	25 
46	3 
47	1 
48	29 
49	18 
50	37 
51	24 
52	6 
53	1 
54	4 
55	10 
56	38 
57	1 
58	6 
59	16 
60	27 
61	40 
62	5 
63	7 
64	39 
65	29 
66	16 
67	38 
68	36 
69	26 
70	4 
71	9 
72	15 
73	29 
74	5 
75	37 
76	35 
77	39 
78	14 
79	18 
80	32 
81	26 
82	11 
83	26 
84	31 
85	23 
86	10 
87	13 
88	26 
89	33 
90	21 
91	25 
92	13 
93	11 
94	26 
95	17 
96	20 
97	12 
98	27 
99	6 
100	2 
101	38 
102	14 
103	38 
104	4 
105	17 
106	38 
107	35 
108	33 
109	1 
110	11 
111	4 
112	33 
113	10 
114	18 
115	25 
116	27 
117	27 
118	35 
119	8 
120	34 
121	2 
122	13 
123	21 
124	22 
125	23 
126	33 
127	29 
128	29 
129	16 
130	4 
131	33 
132	24 
133	32 
134	9 
135	31 
136	39 
137	18 
138	20 
139	14 
140	27 
141	19 
142	8 
143	4 
144	34 
145	6 
146	24 
147	37 
148	31 
149	17 
150	7 
151	40 
152	27 
153	34 
154	34 
155	25 
156	20 
157	25 
158	1 
159	37 
160	33 
161	20 
162	32 
163	26 
164	31 
165	29 
166	39 
167	7 
168	17 
169	15 
170	33 
171	23 
172	39 
173	3 
174	4 
175	30 
176	28 
177	6 
178	29 
179	28 
180	29 
181	8 
182	11 
183	24 
184	32 
185	33 
186	5 
187	34 
188	23 
189	1 
190	22 
191	15 
192	6 
193	26 
194	2 
195	31 
196	14 
197	16 
198	3 
199	16 
200	26 
201	40 
202	35 
203	9 
204	16 
205	22 
206	18 
207	34 
208	38 
209	40 
210	8 
211	4 
212	34 
213	13 
214	30 
215	7 
216	8 
217	8 
218	36 
219	27 
220	28 
221	19 
222	24 
223	3 
224	31 
225	18 
226	20 
227	30 
228	38 
229	8 
230	3 
231	8 
232	31 
233	15 
234	3 
235	36 
236	21 
237	12 
238	6 
239	10 
240	40 
241	35 
242	36 
243	31 
244	19 
245	13 
246	17 
247	40 
248	32 
249	33 
250	29 
251	10 
252	19 
253	37 
254	31 
255	11 
256	17 
257	14 
258	30 
259	31 
260	22 
261	19 
262	27 
263	21 
264	13 
265	4 
266	2 
267	11 
268	10 
269	5 
270	23 
271	40 
272	39 
273	16 
274	5 
275	32 
276	40 
277	25 
278	20 
279	9 
280	5 
281	37 
282	32 
283	38 
284	9 
285	28 
286	24 
287	30 
288	5 
289	24 
290	3 
291	15 
292	28 
293	31 
294	36 
295	21 
296	30 
297	5 
298	29 
299	19 
300	21 
301	1 
302	3 
303	33 
304	39 
305	14 
306	12 
307	27 
308	30 
309	15 
310	12 
311	29 
312	21 
313	5 
314	21 
315	9 
316	25 
317	1 
318	8 
319	21 
320	13 
321	4 
322	13 
323	35 
324	35 
325	30 
326	34 
327	32 
328	3 
329	24 
330	15 
331	31 
332	5 
333	39 
334	13 
335	15 
336	24 
337	8 
338	10 
339	20 
340	4 
341	39 
342	22 
343	12 
344	12 
345	15 
346	24 
347	19 
348	28 
349	26 
350	36 
351	30 
352	23 
353	4 
354	8 
355	12 
356	9 
357	9 
358	10 
359	19 
360	31 
361	34 
362	17 
363	7 
364	14 
365	32 
366	40 
367	31 
368	40 
369	1 
370	12 
371	19 
372	14 
373	23 
374	7 
375	23 
376	8 
377	27 
378	36 
379	4 
380	20 
381	34 
382	30 
383	35 
384	34 
385	10 
386	13 
387	13 
388	26 
389	40 
390	25 
391	30 
392	18 
393	9 
394	36 
395	34 
396	33 
397	17 
398	6 
399	13 
400	13 
401	4 
402	7 
403	19 
404	4 
405	23 
406	34 
407	6 
408	16 
409	29 
410	33 
411	24 
412	19 
413	35 
414	1 
415	38 
416	37 
417	21 
418	20 
419	13 
420	37 
421	38 
422	5 
423	2 
424	30 
425	20 
426	12 
427	40 
428	37 
429	2 
430	3 
431	22 
432	19 
433	16 
434	13 
435	39 
436	18 
437	10 
438	28 
439	5 
440	37 
441	23 
442	8 
443	17 
444	37 
445	19 
446	28 
447	9 
448	38 
449	35 
450	19 
451	5 
452	30 
453	3 
454	6 
455	13 
456	5 
457	5 
458	20 
459	39 
460	22 
461	27 
462	20 
463	40 
464	27 
465	10 
466	14 
467	9 
468	9 
469	20 
470	20 
471	12 
472	9 
473	40 
474	3 
475	38 
476	21 
477	33 
478	13 
479	4 
480	34 
481	19 
482	23 
483	38 
484	7 
485	12 
486	27 
487	8 
488	6 
489	34 
490	28 
491	5 
492	30 
493	38 
494	8 
495	40 
496	18 
497	28 
498	1 
499	15 
500	34 
501	33 
502	20 
503	35 
504	22 
505	14 
506	17 
507	18 
508	28 
509	7 
510	9 
511	8 
512	40 
513	40 
514	3 
515	33 
516	4 
517	30 
518	3 
519	22 
520	22 
521	32 
522	2 
523	3 
524	9 
525	36 
526	1 
527	21 
528	9 
529	27 
530	22 
531	12 
532	7 
533	36 
534	31 
535	39 
536	12 
537	2 
538	40 
539	31 
540	30 
541	11 
542	33 
543	40 
544	31 
545	19 
546	19 
547	7 
548	27 
549	14 
550	18 
551	13 
552	4 
553	6 
554	13 
555	29 
556	4 
557	33 
558	6 
559	1 
560	15 
561	8 
562	33 
563	8 
564	2 
565	8 
566	30 
567	13 
568	36 
569	34 
570	11 
571	17 
572	3 
573	18 
574	3 
575	3 
576	28 
577	28 
578	5 
579	6 
580	22 
581	1 
582	3 
583	11 
584	32 
585	14 
586	33 
587	20 
588	11 
589	18 
590	31 
591	9 
592	40 
593	28 
594	40 
595	14 
596	12 
597	22 
598	3 
599	11 
600	32 
601	31 
602	18 
603	2 
604	4 
605	21 
606	8 
607	31 
608	17 
609	28 
610	33 
611	5 
612	32 
613	40 
614	5 
615	40 
616	4 
617	3 
618	9 
619	4 
620	31 
621	28 
622	6 
623	7 
624	40 
625	11 
626	12 
627	5 
628	1 
629	31 
630	31 
631	31 
632	15 
633	14 
634	28 
635	11 
636	6 
637	40 
638	19 
639	30 
640	12 
641	1 
642	17 
643	18 
644	19 
645	17 
646	7 
647	33 
648	40 
649	39 
650	6 
651	31 
652	14 
653	34 
654	14 
655	8 
656	13 
657	7 
658	20 
659	15 
660	11 
661	2 
662	38 
663	33 
664	13 
665	12 
666	1 
667	1 
668	3 
669	11 
670	18 
671	13 
672	9 
673	39 
674	8 
675	7 
676	8 
677	19 
678	17 
679	7 
680	19 
681	2 
682	2 
683	15 
684	15 
685	32 
686	4 
687	8 
688	28 
689	34 
690	34 
691	40 
692	30 
693	28 
694	5 
695	20 
696	32 
697	2 
698	38 
699	15 
700	12 
701	34 
702	14 
703	17 
704	15 
705	40 
706	5 
707	12 
708	39 
709	2 
710	34 
711	7 
712	20 
713	19 
714	30 
715	31 
716	19 
717	13 
718	9 
719	2 
720	39 
721	20 
722	2 
723	2 
724	33 
725	28 
726	18 
727	14 
728	19 
729	14 
730	30 
731	9 
732	38 
733	28 
734	9 
735	15 
736	3 
737	13 
738	28 
739	17 
740	9 
741	15 
742	3 
743	19 
744	13 
745	30 
746	17 
747	7 
748	12 
749	17 
750	3 
751	39 
752	19 
753	7 
754	15 
755	4 
756	38 
757	40 
758	31 
759	13 
760	2 
761	8 
762	14 
763	8 
764	14 
765	7 
766	34 
767	39 
768	20 
769	34 
770	2 
771	39 
772	13 
773	17 
774	20 
775	15 
776	4 
777	2 
778	17 
779	33 
780	39 
781	30 
782	17 
783	5 
784	30 
785	34 
786	12 
787	2 
788	12 
789	28 
790	13 
791	38 
792	9 
793	17 
794	38 
795	14 
796	31 
797	33 
798	19 
799	3 
800	39 
801	19 
802	19 
803	3 
804	12 
805	39 
806	14 
807	8 
808	38 
809	28 
810	12 
811	19 
812	38 
813	3 
814	34 
815	15 
816	33 
817	33 
818	5 
819	12 
820	8 
821	30 
822	13 
823	15 
824	4 
825	38 
826	33 
827	15 
828	9 
829	40 
830	3 
831	20 
832	15 
833	5 
834	3 
835	14 
836	4 
837	30 
838	40 
839	4 
840	31 
841	30 
842	28 
843	19 
844	17 
845	9 
846	34 
847	13 
848	40 
849	13 
850	30 
851	28 
852	20 
853	9 
854	19 
855	3 
856	38 
857	34 
858	20 
859	19 
860	28 
861	20 
862	14 
863	3 
864	3 
865	30 
866	9 
867	17 
868	33 
869	8 
870	40 
871	33 
872	3 
873	19 
874	15 
875	28 
876	8 
877	8 
878	30 
879	17 
880	12 
881	8 
882	28 
883	13 
884	4 
885	33 
886	19 
887	5 
888	3 
889	12 
890	3 
891	12 
892	13 
893	28 
894	12 
895	31 
896	30 
897	5 
898	12 
899	9 
900	4 
901	5 
902	3 
903	5 
904	34 
905	40 
906	13 
907	30 
908	9 
909	3 
910	31 
911	8 
912	13 
913	33 
914	34 
915	40 
916	34 
917	9 
918	5 
919	19 
920	28 
921	8 
922	5 
923	28 
924	19 
925	30 
926	4 
927	5 
928	13 
929	40 
930	40 
931	28 
932	34 
933	4 
934	5 
935	4 
936	8 
937	13 
938	8 
939	34 
940	3 
941	40 
942	40 
943	19 
944	30 
945	4 
946	8 
947	4 
948	19 
949	4 
950	34 
951	34 
952	3 
953	34 
954	4 
955	13 
956	13 
957	40 
958	3 
959	19 
960	8 
961	34 
962	8 
963	13 
964	13 
965	3 
966	8 
967	3 
968	13 
969	13 
970	40 
971	8 
972	40 
973	8 
974	40 
975	34 
976	34 
977	3 
978	8 
979	19 
980	34 
981	8 
982	8 
983	3 
984	34 
985	3 
986	19 
987	13 
988	8 
989	3 
990	13 
991	34 
992	34 
993	8 
994	34 
995	34 
996	34 
997	8 
998	34 
999	3 
1000	34 
