1	26 
2	11 
3	12 
4	36 
5	30 
6	40 
7	34 
8	40 
9	33 
10	31 
11	34 
12	35 
13	24 
14	17 
15	15 
16	13 
17	15 
18	17 
19	36 
20	18 
21	33 
22	36 
23	19 
24	25 
25	38 
26	15 
27	2 
28	9 
29	4 
30	35 
31	23 
32	31 
33	11 
34	19 
35	7 
36	15 
37	25 
38	34 
39	3 
40	33 
41	26 
42	19 
43	41 
44	26 
45	27 
46	25 
47	14 
48	28 
49	6 
50	23 
51	21 
52	41 
53	15 
54	31 
55	28 
56	35 
57	30 
58	33 
59	27 
60	13 
61	28 
62	39 
63	16 
64	17 
65	41 
66	19 
67	12 
68	6 
69	14 
70	29 
71	14 
72	21 
73	16 
74	30 
75	36 
76	2 
77	41 
78	24 
79	39 
80	20 
81	30 
82	28 
83	4 
84	32 
85	22 
86	22 
87	9 
88	9 
89	3 
90	4 
91	4 
92	2 
93	33 
94	22 
95	6 
96	31 
97	36 
98	32 
99	28 
100	37 
101	2 
102	10 
103	38 
104	35 
105	27 
106	36 
107	29 
108	37 
109	11 
110	27 
111	24 
112	41 
113	28 
114	3 
115	32 
116	32 
117	33 
118	35 
119	4 
120	15 
121	6 
122	22 
123	20 
124	35 
125	19 
126	1 
127	12 
128	31 
129	15 
130	39 
131	17 
132	35 
133	30 
134	12 
135	36 
136	34 
137	6 
138	9 
139	23 
140	12 
141	41 
142	41 
143	20 
144	23 
145	5 
146	41 
147	14 
148	39 
149	7 
150	22 
151	6 
152	29 
153	3 
154	41 
155	27 
156	15 
157	15 
158	30 
159	16 
160	5 
161	33 
162	6 
163	22 
164	41 
165	39 
166	35 
167	10 
168	23 
169	33 
170	37 
171	23 
172	17 
173	34 
174	38 
175	9 
176	29 
177	8 
178	14 
179	6 
180	12 
181	2 
182	17 
183	31 
184	30 
185	27 
186	9 
187	8 
188	31 
189	3 
190	20 
191	4 
192	32 
193	16 
194	24 
195	6 
196	10 
197	8 
198	13 
199	32 
200	24 
201	36 
202	41 
203	38 
204	36 
205	14 
206	30 
207	16 
208	11 
209	34 
210	40 
211	18 
212	22 
213	10 
214	2 
215	29 
216	32 
217	7 
218	25 
219	36 
220	27 
221	26 
222	38 
223	32 
224	13 
225	21 
226	5 
227	31 
228	10 
229	10 
230	24 
231	33 
232	4 
233	31 
234	18 
235	18 
236	18 
237	3 
238	22 
239	14 
240	2 
241	14 
242	38 
243	6 
244	14 
245	20 
246	22 
247	21 
248	37 
249	15 
250	18 
251	25 
252	16 
253	38 
254	10 
255	29 
256	23 
257	10 
258	41 
259	31 
260	24 
261	24 
262	13 
263	9 
264	1 
265	1 
266	3 
267	41 
268	3 
269	5 
270	29 
271	39 
272	2 
273	18 
274	18 
275	8 
276	14 
277	7 
278	20 
279	29 
280	5 
281	18 
282	5 
283	38 
284	8 
285	4 
286	1 
287	2 
288	28 
289	26 
290	5 
291	34 
292	40 
293	1 
294	36 
295	11 
296	33 
297	25 
298	6 
299	14 
300	9 
301	10 
302	41 
303	29 
304	25 
305	15 
306	18 
307	7 
308	40 
309	26 
310	36 
311	40 
312	33 
313	38 
314	24 
315	32 
316	36 
317	12 
318	36 
319	26 
320	21 
321	35 
322	16 
323	28 
324	23 
325	39 
326	1 
327	37 
328	35 
329	5 
330	20 
331	25 
332	6 
333	13 
334	8 
335	8 
336	12 
337	40 
338	27 
339	14 
340	9 
341	32 
342	41 
343	11 
344	19 
345	2 
346	17 
347	1 
348	8 
349	21 
350	10 
351	14 
352	29 
353	11 
354	41 
355	2 
356	38 
357	12 
358	7 
359	9 
360	1 
361	12 
362	16 
363	30 
364	6 
365	23 
366	17 
367	32 
368	29 
369	26 
370	14 
371	38 
372	13 
373	37 
374	20 
375	14 
376	4 
377	40 
378	41 
379	1 
380	20 
381	40 
382	12 
383	8 
384	16 
385	17 
386	25 
387	33 
388	11 
389	11 
390	32 
391	9 
392	17 
393	8 
394	20 
395	17 
396	28 
397	20 
398	27 
399	27 
400	28 
401	17 
402	37 
403	8 
404	16 
405	9 
406	19 
407	29 
408	25 
409	17 
410	21 
411	40 
412	12 
413	1 
414	39 
415	23 
416	32 
417	18 
418	30 
419	1 
420	40 
421	28 
422	41 
423	36 
424	14 
425	25 
426	9 
427	25 
428	22 
429	13 
430	17 
431	30 
432	5 
433	26 
434	5 
435	31 
436	22 
437	37 
438	36 
439	39 
440	13 
441	6 
442	21 
443	16 
444	17 
445	37 
446	27 
447	11 
448	14 
449	19 
450	7 
451	6 
452	38 
453	24 
454	27 
455	15 
456	41 
457	19 
458	34 
459	16 
460	37 
461	4 
462	26 
463	17 
464	31 
465	11 
466	38 
467	26 
468	34 
469	13 
470	13 
471	20 
472	16 
473	33 
474	39 
475	20 
476	34 
477	18 
478	20 
479	4 
480	31 
481	7 
482	22 
483	21 
484	25 
485	6 
486	37 
487	13 
488	29 
489	24 
490	6 
491	36 
492	14 
493	25 
494	8 
495	36 
496	7 
497	5 
498	37 
499	22 
500	24 
501	24 
502	18 
503	21 
504	34 
505	24 
506	27 
507	5 
508	5 
509	8 
510	35 
511	8 
512	19 
513	34 
514	24 
515	33 
516	2 
517	20 
518	10 
519	18 
520	31 
521	3 
522	39 
523	24 
524	7 
525	17 
526	18 
527	5 
528	17 
529	22 
530	3 
531	7 
532	17 
533	24 
534	17 
535	30 
536	19 
537	20 
538	19 
539	33 
540	8 
541	4 
542	20 
543	1 
544	27 
545	30 
546	10 
547	34 
548	24 
549	10 
550	18 
551	14 
552	21 
553	14 
554	17 
555	31 
556	3 
557	38 
558	21 
559	16 
560	24 
561	5 
562	25 
563	37 
564	35 
565	38 
566	10 
567	20 
568	39 
569	38 
570	38 
571	15 
572	15 
573	27 
574	30 
575	9 
576	30 
577	1 
578	29 
579	12 
580	36 
581	25 
582	7 
583	19 
584	33 
585	41 
586	3 
587	32 
588	31 
589	17 
590	16 
591	18 
592	4 
593	2 
594	17 
595	29 
596	1 
597	41 
598	14 
599	31 
600	38 
601	28 
602	15 
603	25 
604	14 
605	2 
606	21 
607	35 
608	22 
609	5 
610	39 
611	4 
612	4 
613	30 
614	41 
615	5 
616	28 
617	20 
618	6 
619	6 
620	20 
621	8 
622	4 
623	33 
624	7 
625	7 
626	30 
627	6 
628	3 
629	41 
630	30 
631	24 
632	33 
633	4 
634	31 
635	33 
636	9 
637	28 
638	7 
639	31 
640	30 
641	37 
642	19 
643	3 
644	19 
645	9 
646	8 
647	32 
648	6 
649	33 
650	36 
651	36 
652	19 
653	31 
654	27 
655	3 
656	20 
657	12 
658	20 
659	2 
660	6 
661	29 
662	29 
663	41 
664	18 
665	17 
666	19 
667	38 
668	1 
669	19 
670	32 
671	24 
672	39 
673	32 
674	19 
675	35 
676	12 
677	4 
678	17 
679	4 
680	2 
681	1 
682	31 
683	14 
684	20 
685	33 
686	39 
687	22 
688	4 
689	17 
690	32 
691	1 
692	30 
693	32 
694	20 
695	29 
696	1 
697	18 
698	4 
699	41 
700	9 
701	36 
702	3 
703	32 
704	5 
705	39 
706	18 
707	39 
708	7 
709	12 
710	9 
711	6 
712	33 
713	31 
714	20 
715	5 
716	41 
717	12 
718	4 
719	17 
720	35 
721	39 
722	16 
723	29 
724	3 
725	7 
726	14 
727	9 
728	25 
729	16 
730	1 
731	1 
732	25 
733	19 
734	39 
735	41 
736	8 
737	35 
738	7 
739	38 
740	30 
741	41 
742	8 
743	16 
744	5 
745	16 
746	20 
747	25 
748	6 
749	8 
750	7 
751	35 
752	33 
753	14 
754	24 
755	5 
756	3 
757	5 
758	18 
759	38 
760	25 
761	17 
762	33 
763	38 
764	18 
765	41 
766	14 
767	15 
768	4 
769	29 
770	38 
771	38 
772	39 
773	29 
774	33 
775	20 
776	30 
777	41 
778	16 
779	36 
780	3 
781	19 
782	8 
783	29 
784	5 
785	15 
786	8 
787	19 
788	5 
789	38 
790	32 
791	33 
792	6 
793	14 
794	1 
795	6 
796	38 
797	39 
798	6 
799	5 
800	15 
801	17 
802	8 
803	29 
804	30 
805	15 
806	30 
807	16 
808	4 
809	25 
810	25 
811	7 
812	6 
813	33 
814	17 
815	18 
816	29 
817	32 
818	14 
819	25 
820	29 
821	17 
822	8 
823	1 
824	1 
825	8 
826	36 
827	17 
828	14 
829	38 
830	14 
831	5 
832	30 
833	33 
834	32 
835	8 
836	32 
837	36 
838	36 
839	18 
840	16 
841	30 
842	18 
843	33 
844	41 
845	16 
846	19 
847	25 
848	8 
849	20 
850	29 
851	16 
852	30 
853	14 
854	14 
855	33 
856	20 
857	33 
858	20 
859	8 
860	14 
861	36 
862	35 
863	6 
864	29 
865	30 
866	29 
867	18 
868	19 
869	29 
870	36 
871	20 
872	18 
873	41 
874	35 
875	5 
876	17 
877	5 
878	33 
879	8 
880	35 
881	35 
882	5 
883	25 
884	35 
885	35 
886	38 
887	8 
888	6 
889	17 
890	38 
891	18 
892	35 
893	8 
894	29 
895	29 
896	38 
897	25 
898	17 
899	35 
900	35 
901	20 
902	8 
903	29 
904	35 
905	5 
906	17 
907	5 
908	29 
909	5 
910	8 
911	35 
912	38 
913	38 
914	41 
915	38 
916	8 
917	18 
918	18 
919	8 
920	35 
921	17 
922	41 
923	14 
924	35 
925	35 
926	6 
927	6 
928	17 
929	17 
930	41 
931	6 
932	29 
933	5 
934	33 
935	35 
936	38 
937	29 
938	41 
939	35 
940	20 
941	35 
942	35 
943	33 
944	20 
945	35 
946	14 
947	35 
948	35 
949	6 
950	33 
951	17 
952	8 
953	5 
954	38 
955	5 
956	8 
957	29 
958	8 
959	41 
960	29 
961	35 
962	29 
963	41 
964	8 
965	8 
966	8 
967	35 
968	5 
969	14 
970	35 
971	8 
972	14 
973	5 
974	5 
975	5 
976	17 
977	5 
978	14 
979	5 
980	5 
981	14 
982	8 
983	5 
984	14 
985	14 
986	14 
987	35 
988	14 
989	17 
990	35 
991	8 
992	8 
993	8 
994	8 
995	14 
996	8 
997	14 
998	8 
999	8 
1000	14 
